 &plot nbnd=   9, nks=   101 /
            0.000000  0.000000  0.000000
  -19.463  -12.919   -7.584   -7.288   -7.239    0.311    1.776    1.839    1.886
            0.005000  0.000000  0.000000
  -19.462  -12.919   -7.583   -7.288   -7.241    0.312    1.776    1.839    1.887
            0.010000  0.000000  0.000000
  -19.461  -12.918   -7.582   -7.288   -7.246    0.313    1.777    1.841    1.888
            0.015000  0.000000  0.000000
  -19.459  -12.916   -7.579   -7.288   -7.255    0.316    1.778    1.844    1.892
            0.020000  0.000000  0.000000
  -19.456  -12.914   -7.575   -7.289   -7.268    0.320    1.780    1.849    1.896
            0.025000  0.000000  0.000000
  -19.452  -12.910   -7.570   -7.289   -7.285    0.324    1.783    1.854    1.900
            0.030000  0.000000  0.000000
  -19.447  -12.906   -7.564   -7.305   -7.289    0.330    1.786    1.861    1.906
            0.035000  0.000000  0.000000
  -19.442  -12.901   -7.557   -7.328   -7.290    0.337    1.790    1.869    1.912
            0.040000  0.000000  0.000000
  -19.436  -12.896   -7.549   -7.355   -7.290    0.345    1.794    1.878    1.920
            0.045000  0.000000  0.000000
  -19.428  -12.889   -7.540   -7.385   -7.290    0.354    1.798    1.889    1.929
            0.050000  0.000000  0.000000
  -19.420  -12.882   -7.529   -7.419   -7.291    0.364    1.803    1.900    1.939
            0.055000  0.000000  0.000000
  -19.411  -12.875   -7.518   -7.456   -7.292    0.375    1.809    1.913    1.950
            0.060000  0.000000  0.000000
  -19.402  -12.866   -7.505   -7.496   -7.292    0.387    1.815    1.927    1.962
            0.065000  0.000000  0.000000
  -19.391  -12.857   -7.539   -7.492   -7.293    0.400    1.821    1.943    1.976
            0.070000  0.000000  0.000000
  -19.379  -12.847   -7.586   -7.477   -7.294    0.415    1.828    1.959    1.991
            0.075000  0.000000  0.000000
  -19.367  -12.836   -7.635   -7.461   -7.295    0.430    1.835    1.977    2.006
            0.080000  0.000000  0.000000
  -19.354  -12.825   -7.687   -7.444   -7.296    0.446    1.843    1.996    2.022
            0.085000  0.000000  0.000000
  -19.340  -12.813   -7.741   -7.426   -7.298    0.463    1.851    2.016    2.039
            0.090000  0.000000  0.000000
  -19.325  -12.800   -7.798   -7.407   -7.299    0.482    1.859    2.036    2.059
            0.095000  0.000000  0.000000
  -19.309  -12.787   -7.858   -7.387   -7.301    0.501    1.867    2.059    2.078
            0.100000  0.000000  0.000000
  -19.293  -12.772   -7.920   -7.365   -7.303    0.521    1.875    2.082    2.097
            0.105000  0.000000  0.000000
  -19.275  -12.758   -7.984   -7.343   -7.305    0.543    1.883    2.107    2.120
            0.110000  0.000000  0.000000
  -19.257  -12.742   -8.051   -7.320   -7.307    0.565    1.891    2.132    2.141
            0.115000  0.000000  0.000000
  -19.238  -12.726   -8.120   -7.310   -7.295    0.589    1.900    2.159    2.165
            0.120000  0.000000  0.000000
  -19.218  -12.709   -8.190   -7.313   -7.270    0.613    1.908    2.187    2.190
            0.125000  0.000000  0.000000
  -19.197  -12.692   -8.262   -7.316   -7.243    0.638    1.916    2.215    2.216
            0.130000  0.000000  0.000000
  -19.176  -12.674   -8.336   -7.319   -7.215    0.664    1.923    2.242    2.246
            0.135000  0.000000  0.000000
  -19.153  -12.655   -8.412   -7.323   -7.186    0.692    1.930    2.269    2.277
            0.140000  0.000000  0.000000
  -19.130  -12.636   -8.489   -7.327   -7.156    0.720    1.937    2.298    2.310
            0.145000  0.000000  0.000000
  -19.106  -12.617   -8.568   -7.331   -7.125    0.749    1.943    2.329    2.343
            0.150000  0.000000  0.000000
  -19.081  -12.596   -8.648   -7.336   -7.093    0.779    1.949    2.357    2.377
            0.155000  0.000000  0.000000
  -19.055  -12.576   -8.729   -7.341   -7.060    0.810    1.953    2.389    2.413
            0.160000  0.000000  0.000000
  -19.029  -12.554   -8.811   -7.346   -7.026    0.842    1.957    2.421    2.450
            0.165000  0.000000  0.000000
  -19.001  -12.533   -8.894   -7.352   -6.991    0.875    1.960    2.455    2.487
            0.170000  0.000000  0.000000
  -18.973  -12.511   -8.979   -7.359   -6.954    0.908    1.961    2.489    2.526
            0.175000  0.000000  0.000000
  -18.944  -12.488   -9.063   -7.366   -6.917    0.943    1.961    2.524    2.566
            0.180000  0.000000  0.000000
  -18.914  -12.465   -9.149   -7.373   -6.879    0.979    1.960    2.562    2.607
            0.185000  0.000000  0.000000
  -18.883  -12.442   -9.235   -7.381   -6.839    1.015    1.957    2.598    2.649
            0.190000  0.000000  0.000000
  -18.851  -12.419   -9.321   -7.389   -6.798    1.052    1.953    2.636    2.692
            0.195000  0.000000  0.000000
  -18.819  -12.395   -9.408   -7.398   -6.757    1.090    1.946    2.675    2.737
            0.200000  0.000000  0.000000
  -18.785  -12.371   -9.495   -7.408   -6.714    1.129    1.938    2.716    2.782
            0.205000  0.000000  0.000000
  -18.751  -12.348   -9.582   -7.418   -6.670    1.168    1.927    2.756    2.828
            0.210000  0.000000  0.000000
  -18.716  -12.324   -9.669   -7.429   -6.626    1.209    1.914    2.798    2.876
            0.215000  0.000000  0.000000
  -18.680  -12.301   -9.756   -7.440   -6.580    1.250    1.899    2.842    2.924
            0.220000  0.000000  0.000000
  -18.644  -12.277   -9.842   -7.452   -6.533    1.292    1.881    2.885    2.974
            0.225000  0.000000  0.000000
  -18.606  -12.255   -9.927   -7.465   -6.485    1.334    1.860    2.931    3.025
            0.230000  0.000000  0.000000
  -18.568  -12.233  -10.012   -7.479   -6.436    1.378    1.837    2.976    3.076
            0.235000  0.000000  0.000000
  -18.529  -12.212  -10.095   -7.493   -6.386    1.422    1.810    3.023    3.129
            0.240000  0.000000  0.000000
  -18.489  -12.192  -10.177   -7.508   -6.335    1.467    1.781    3.071    3.183
            0.245000  0.000000  0.000000
  -18.449  -12.173  -10.257   -7.524   -6.283    1.512    1.749    3.120    3.238
            0.250000  0.000000  0.000000
  -18.407  -12.156  -10.335   -7.540   -6.230    1.558    1.713    3.169    3.294
            0.255000  0.000000  0.000000
  -18.365  -12.142  -10.410   -7.558   -6.176    1.605    1.674    3.220    3.351
            0.260000  0.000000  0.000000
  -18.321  -12.130  -10.482   -7.576   -6.121    1.633    1.652    3.270    3.409
            0.265000  0.000000  0.000000
  -18.278  -12.122  -10.551   -7.595   -6.065    1.588    1.700    3.323    3.468
            0.270000  0.000000  0.000000
  -18.233  -12.118  -10.614   -7.614   -6.008    1.540    1.749    3.377    3.528
            0.275000  0.000000  0.000000
  -18.187  -12.118  -10.673   -7.635   -5.950    1.489    1.798    3.431    3.589
            0.280000  0.000000  0.000000
  -18.141  -12.124  -10.725   -7.657   -5.891    1.435    1.848    3.487    3.651
            0.285000  0.000000  0.000000
  -18.094  -12.136  -10.771   -7.679   -5.831    1.378    1.898    3.543    3.715
            0.290000  0.000000  0.000000
  -18.046  -12.155  -10.810   -7.702   -5.770    1.318    1.949    3.601    3.779
            0.295000  0.000000  0.000000
  -17.997  -12.180  -10.840   -7.726   -5.708    1.256    2.001    3.659    3.844
            0.300000  0.000000  0.000000
  -17.947  -12.213  -10.864   -7.751   -5.645    1.191    2.053    3.719    3.911
            0.305000  0.000000  0.000000
  -17.897  -12.252  -10.879   -7.777   -5.581    1.123    2.106    3.780    3.978
            0.310000  0.000000  0.000000
  -17.846  -12.299  -10.887   -7.804   -5.517    1.053    2.159    3.842    4.046
            0.315000  0.000000  0.000000
  -17.794  -12.352  -10.888   -7.832   -5.451    0.980    2.213    3.905    4.116
            0.320000  0.000000  0.000000
  -17.741  -12.410  -10.883   -7.860   -5.384    0.905    2.267    3.969    4.186
            0.325000  0.000000  0.000000
  -17.687  -12.473  -10.872   -7.890   -5.316    0.829    2.322    4.035    4.258
            0.330000  0.000000  0.000000
  -17.633  -12.540  -10.857   -7.920   -5.248    0.750    2.377    4.102    4.330
            0.335000  0.000000  0.000000
  -17.578  -12.611  -10.836   -7.951   -5.178    0.669    2.433    4.170    4.403
            0.340000  0.000000  0.000000
  -17.522  -12.685  -10.813   -7.984   -5.107    0.587    2.490    4.239    4.477
            0.345000  0.000000  0.000000
  -17.466  -12.762  -10.786   -8.017   -5.036    0.503    2.547    4.309    4.553
            0.350000  0.000000  0.000000
  -17.408  -12.841  -10.756   -8.051   -4.964    0.418    2.605    4.381    4.629
            0.355000  0.000000  0.000000
  -17.350  -12.921  -10.723   -8.085   -4.890    0.331    2.664    4.454    4.706
            0.360000  0.000000  0.000000
  -17.291  -13.003  -10.689   -8.121   -4.816    0.243    2.723    4.529    4.784
            0.365000  0.000000  0.000000
  -17.231  -13.085  -10.652   -8.157   -4.741    0.153    2.783    4.604    4.864
            0.370000  0.000000  0.000000
  -17.171  -13.169  -10.614   -8.194   -4.665    0.063    2.844    4.681    4.944
            0.375000  0.000000  0.000000
  -17.110  -13.254  -10.575   -8.233   -4.588   -0.028    2.905    4.760    5.024
            0.380000  0.000000  0.000000
  -17.048  -13.339  -10.534   -8.271   -4.511   -0.121    2.967    4.840    5.106
            0.385000  0.000000  0.000000
  -16.985  -13.424  -10.492   -8.311   -4.432   -0.214    3.030    4.921    5.189
            0.390000  0.000000  0.000000
  -16.921  -13.510  -10.449   -8.351   -4.353   -0.307    3.094    5.003    5.273
            0.395000  0.000000  0.000000
  -16.857  -13.596  -10.405   -8.392   -4.273   -0.402    3.158    5.088    5.357
            0.400000  0.000000  0.000000
  -16.792  -13.682  -10.360   -8.434   -4.192   -0.497    3.224    5.173    5.442
            0.405000  0.000000  0.000000
  -16.727  -13.768  -10.314   -8.476   -4.110   -0.592    3.290    5.260    5.528
            0.410000  0.000000  0.000000
  -16.660  -13.854  -10.268   -8.519   -4.028   -0.688    3.357    5.348    5.614
            0.415000  0.000000  0.000000
  -16.593  -13.940  -10.221   -8.563   -3.944   -0.785    3.426    5.438    5.701
            0.420000  0.000000  0.000000
  -16.525  -14.026  -10.174   -8.607   -3.860   -0.881    3.495    5.529    5.788
            0.425000  0.000000  0.000000
  -16.457  -14.111  -10.126   -8.652   -3.775   -0.978    3.565    5.621    5.874
            0.430000  0.000000  0.000000
  -16.388  -14.197  -10.077   -8.698   -3.690   -1.075    3.636    5.946    6.058
            0.435000  0.000000  0.000000
  -16.318  -14.282  -10.028   -8.744   -3.603   -1.172    3.708    5.926    6.077
            0.440000  0.000000  0.000000
  -16.247  -14.366   -9.979   -8.790   -3.516   -1.269    3.781    5.839    6.157
            0.445000  0.000000  0.000000
  -16.176  -14.451   -9.930   -8.837   -3.428   -1.366    3.855    5.747    6.249
            0.450000  0.000000  0.000000
  -16.104  -14.535   -9.880   -8.884   -3.340   -1.463    3.930    5.651    6.340
            0.455000  0.000000  0.000000
  -16.031  -14.618   -9.830   -8.932   -3.251   -1.560    4.006    5.557    6.432
            0.460000  0.000000  0.000000
  -15.958  -14.701   -9.780   -8.980   -3.161   -1.657    4.084    5.463    6.522
            0.465000  0.000000  0.000000
  -15.884  -14.784   -9.730   -9.029   -3.071   -1.754    4.162    5.370    6.615
            0.470000  0.000000  0.000000
  -15.809  -14.866   -9.679   -9.078   -2.980   -1.850    4.242    5.277    6.707
            0.475000  0.000000  0.000000
  -15.734  -14.948   -9.629   -9.127   -2.888   -1.947    4.322    5.186    6.799
            0.480000  0.000000  0.000000
  -15.658  -15.029   -9.578   -9.177   -2.796   -2.043    4.404    5.095    6.727
            0.485000  0.000000  0.000000
  -15.581  -15.109   -9.528   -9.226   -2.704   -2.138    4.487    5.005    6.977
            0.490000  0.000000  0.000000
  -15.504  -15.190   -9.477   -9.276   -2.611   -2.233    4.570    4.916    7.058
            0.495000  0.000000  0.000000
  -15.426  -15.269   -9.427   -9.326   -2.517   -2.328    4.655    4.828    7.127
            0.500000  0.000000  0.000000
  -15.348  -15.348   -9.377   -9.377   -2.423   -2.423    4.741    4.741    7.121
