 &plot nbnd=   9, nks=   101 /
            0.000000  0.000000  0.000000
  -19.462  -12.703   -7.632   -7.451   -7.110    0.328    1.693    1.803    1.860
            0.005000  0.000000  0.000000
  -19.462  -12.703   -7.632   -7.452   -7.110    0.328    1.693    1.803    1.860
            0.010000  0.000000  0.000000
  -19.461  -12.702   -7.630   -7.456   -7.112    0.330    1.695    1.804    1.862
            0.015000  0.000000  0.000000
  -19.458  -12.700   -7.628   -7.463   -7.114    0.332    1.698    1.806    1.865
            0.020000  0.000000  0.000000
  -19.456  -12.697   -7.624   -7.473   -7.116    0.336    1.703    1.808    1.868
            0.025000  0.000000  0.000000
  -19.452  -12.694   -7.619   -7.487   -7.119    0.341    1.709    1.810    1.873
            0.030000  0.000000  0.000000
  -19.447  -12.690   -7.613   -7.503   -7.123    0.347    1.715    1.813    1.878
            0.035000  0.000000  0.000000
  -19.442  -12.685   -7.606   -7.522   -7.127    0.353    1.724    1.817    1.887
            0.040000  0.000000  0.000000
  -19.435  -12.679   -7.597   -7.545   -7.131    0.361    1.733    1.821    1.893
            0.045000  0.000000  0.000000
  -19.428  -12.673   -7.588   -7.571   -7.135    0.370    1.744    1.826    1.902
            0.050000  0.000000  0.000000
  -19.420  -12.665   -7.601   -7.578   -7.139    0.380    1.756    1.831    1.912
            0.055000  0.000000  0.000000
  -19.411  -12.657   -7.633   -7.566   -7.142    0.391    1.769    1.837    1.924
            0.060000  0.000000  0.000000
  -19.401  -12.649   -7.670   -7.554   -7.146    0.403    1.783    1.843    1.936
            0.065000  0.000000  0.000000
  -19.391  -12.639   -7.709   -7.540   -7.149    0.416    1.799    1.850    1.949
            0.070000  0.000000  0.000000
  -19.379  -12.629   -7.752   -7.525   -7.153    0.430    1.815    1.857    1.963
            0.075000  0.000000  0.000000
  -19.367  -12.618   -7.798   -7.509   -7.156    0.445    1.833    1.864    1.977
            0.080000  0.000000  0.000000
  -19.354  -12.607   -7.846   -7.492   -7.159    0.461    1.852    1.872    1.995
            0.085000  0.000000  0.000000
  -19.340  -12.594   -7.898   -7.474   -7.162    0.478    1.872    1.880    2.011
            0.090000  0.000000  0.000000
  -19.325  -12.581   -7.953   -7.455   -7.164    0.496    1.888    1.894    2.029
            0.095000  0.000000  0.000000
  -19.310  -12.567   -8.010   -7.435   -7.167    0.515    1.896    1.916    2.049
            0.100000  0.000000  0.000000
  -19.293  -12.553   -8.070   -7.414   -7.170    0.535    1.905    1.940    2.069
            0.105000  0.000000  0.000000
  -19.276  -12.538   -8.132   -7.391   -7.172    0.557    1.913    1.965    2.091
            0.110000  0.000000  0.000000
  -19.258  -12.522   -8.196   -7.368   -7.175    0.579    1.922    1.990    2.111
            0.115000  0.000000  0.000000
  -19.239  -12.505   -8.263   -7.343   -7.178    0.602    1.931    2.018    2.135
            0.120000  0.000000  0.000000
  -19.219  -12.488   -8.332   -7.317   -7.180    0.626    1.939    2.045    2.159
            0.125000  0.000000  0.000000
  -19.198  -12.470   -8.402   -7.291   -7.183    0.650    1.947    2.075    2.184
            0.130000  0.000000  0.000000
  -19.177  -12.452   -8.475   -7.263   -7.187    0.676    1.955    2.105    2.211
            0.135000  0.000000  0.000000
  -19.155  -12.432   -8.549   -7.234   -7.190    0.703    1.963    2.136    2.238
            0.140000  0.000000  0.000000
  -19.131  -12.413   -8.625   -7.204   -7.193    0.731    1.970    2.169    2.266
            0.145000  0.000000  0.000000
  -19.107  -12.392   -8.702   -7.197   -7.173    0.760    1.976    2.202    2.296
            0.150000  0.000000  0.000000
  -19.083  -12.372   -8.781   -7.201   -7.141    0.789    1.982    2.237    2.327
            0.155000  0.000000  0.000000
  -19.057  -12.350   -8.861   -7.206   -7.108    0.819    1.987    2.272    2.357
            0.160000  0.000000  0.000000
  -19.030  -12.328   -8.942   -7.210   -7.074    0.851    1.991    2.309    2.389
            0.165000  0.000000  0.000000
  -19.003  -12.306   -9.024   -7.215   -7.038    0.883    1.994    2.347    2.422
            0.170000  0.000000  0.000000
  -18.975  -12.283   -9.107   -7.221   -7.002    0.916    1.996    2.386    2.456
            0.175000  0.000000  0.000000
  -18.946  -12.260   -9.191   -7.227   -6.964    0.950    1.996    2.426    2.490
            0.180000  0.000000  0.000000
  -18.916  -12.236   -9.275   -7.233   -6.926    0.984    1.995    2.466    2.527
            0.185000  0.000000  0.000000
  -18.886  -12.212   -9.360   -7.240   -6.886    1.020    1.992    2.508    2.563
            0.190000  0.000000  0.000000
  -18.854  -12.188   -9.446   -7.247   -6.846    1.056    1.988    2.551    2.601
            0.195000  0.000000  0.000000
  -18.822  -12.164   -9.532   -7.255   -6.804    1.093    1.981    2.595    2.641
            0.200000  0.000000  0.000000
  -18.789  -12.139   -9.618   -7.263   -6.761    1.131    1.973    2.640    2.680
            0.205000  0.000000  0.000000
  -18.755  -12.115   -9.704   -7.272   -6.718    1.169    1.962    2.686    2.721
            0.210000  0.000000  0.000000
  -18.720  -12.090   -9.790   -7.281   -6.673    1.209    1.949    2.733    2.763
            0.215000  0.000000  0.000000
  -18.684  -12.066   -9.876   -7.291   -6.627    1.249    1.933    2.780    2.806
            0.220000  0.000000  0.000000
  -18.648  -12.042   -9.961   -7.302   -6.580    1.289    1.915    2.829    2.851
            0.225000  0.000000  0.000000
  -18.611  -12.019  -10.046   -7.313   -6.532    1.330    1.894    2.878    2.897
            0.230000  0.000000  0.000000
  -18.573  -11.997  -10.129   -7.325   -6.483    1.373    1.870    2.926    2.944
            0.235000  0.000000  0.000000
  -18.534  -11.976  -10.211   -7.338   -6.433    1.415    1.843    2.975    2.994
            0.240000  0.000000  0.000000
  -18.494  -11.956  -10.291   -7.352   -6.382    1.458    1.813    3.024    3.046
            0.245000  0.000000  0.000000
  -18.454  -11.939  -10.368   -7.366   -6.330    1.502    1.780    3.073    3.099
            0.250000  0.000000  0.000000
  -18.412  -11.923  -10.443   -7.381   -6.277    1.546    1.744    3.123    3.154
            0.255000  0.000000  0.000000
  -18.370  -11.911  -10.515   -7.397   -6.223    1.591    1.704    3.173    3.210
            0.260000  0.000000  0.000000
  -18.327  -11.903  -10.582   -7.413   -6.168    1.637    1.661    3.225    3.267
            0.265000  0.000000  0.000000
  -18.284  -11.900  -10.643   -7.431   -6.112    1.615    1.683    3.276    3.326
            0.270000  0.000000  0.000000
  -18.239  -11.903  -10.699   -7.449   -6.055    1.566    1.729    3.330    3.385
            0.275000  0.000000  0.000000
  -18.194  -11.912  -10.747   -7.468   -5.996    1.514    1.776    3.384    3.446
            0.280000  0.000000  0.000000
  -18.148  -11.928  -10.787   -7.488   -5.937    1.459    1.824    3.439    3.507
            0.285000  0.000000  0.000000
  -18.101  -11.953  -10.819   -7.509   -5.877    1.401    1.872    3.495    3.570
            0.290000  0.000000  0.000000
  -18.053  -11.986  -10.842   -7.531   -5.816    1.339    1.920    3.553    3.634
            0.295000  0.000000  0.000000
  -18.005  -12.027  -10.856   -7.554   -5.754    1.276    1.969    3.611    3.698
            0.300000  0.000000  0.000000
  -17.955  -12.076  -10.861   -7.577   -5.691    1.209    2.018    3.670    3.764
            0.305000  0.000000  0.000000
  -17.905  -12.131  -10.859   -7.602   -5.627    1.140    2.068    3.731    3.830
            0.310000  0.000000  0.000000
  -17.854  -12.193  -10.851   -7.627   -5.562    1.068    2.119    3.793    3.898
            0.315000  0.000000  0.000000
  -17.803  -12.260  -10.836   -7.654   -5.496    0.995    2.169    3.856    3.967
            0.320000  0.000000  0.000000
  -17.750  -12.331  -10.817   -7.681   -5.429    0.919    2.221    3.920    4.036
            0.325000  0.000000  0.000000
  -17.697  -12.406  -10.793   -7.709   -5.361    0.840    2.273    3.986    4.107
            0.330000  0.000000  0.000000
  -17.643  -12.483  -10.766   -7.738   -5.293    0.760    2.325    4.052    4.179
            0.335000  0.000000  0.000000
  -17.588  -12.563  -10.736   -7.769   -5.223    0.678    2.378    4.121    4.251
            0.340000  0.000000  0.000000
  -17.533  -12.645  -10.703   -7.800   -5.152    0.595    2.431    4.190    4.324
            0.345000  0.000000  0.000000
  -17.477  -12.728  -10.668   -7.832   -5.081    0.510    2.485    4.260    4.399
            0.350000  0.000000  0.000000
  -17.420  -12.812  -10.631   -7.864   -5.008    0.423    2.540    4.332    4.474
            0.355000  0.000000  0.000000
  -17.362  -12.897  -10.592   -7.898   -4.935    0.335    2.595    4.406    4.550
            0.360000  0.000000  0.000000
  -17.303  -12.983  -10.552   -7.933   -4.861    0.246    2.651    4.480    4.627
            0.365000  0.000000  0.000000
  -17.244  -13.070  -10.511   -7.968   -4.786    0.155    2.708    4.556    4.705
            0.370000  0.000000  0.000000
  -17.184  -13.157  -10.468   -8.005   -4.710    0.064    2.765    4.634    4.784
            0.375000  0.000000  0.000000
  -17.123  -13.244  -10.425   -8.042   -4.633   -0.029    2.823    4.713    4.864
            0.380000  0.000000  0.000000
  -17.062  -13.332  -10.380   -8.080   -4.555   -0.122    2.882    4.793    4.944
            0.385000  0.000000  0.000000
  -16.999  -13.419  -10.335   -8.119   -4.477   -0.216    2.941    4.874    5.026
            0.390000  0.000000  0.000000
  -16.936  -13.507  -10.288   -8.158   -4.398   -0.310    3.002    4.958    5.108
            0.395000  0.000000  0.000000
  -16.873  -13.594  -10.242   -8.199   -4.317   -0.406    3.063    5.042    5.190
            0.400000  0.000000  0.000000
  -16.808  -13.681  -10.194   -8.240   -4.236   -0.501    3.125    5.128    5.274
            0.405000  0.000000  0.000000
  -16.743  -13.768  -10.146   -8.282   -4.155   -0.597    3.188    5.215    5.357
            0.410000  0.000000  0.000000
  -16.677  -13.855  -10.098   -8.325   -4.072   -0.694    3.252    5.303    5.440
            0.415000  0.000000  0.000000
  -16.611  -13.942  -10.049   -8.368   -3.989   -0.791    3.317    5.394    5.524
            0.420000  0.000000  0.000000
  -16.544  -14.028  -10.000   -8.412   -3.905   -0.888    3.383    5.486    5.604
            0.425000  0.000000  0.000000
  -16.476  -14.114   -9.950   -8.456   -3.821   -0.985    3.450    5.578    5.677
            0.430000  0.000000  0.000000
  -16.408  -14.199   -9.900   -8.501   -3.735   -1.082    3.518    5.672    5.724
            0.435000  0.000000  0.000000
  -16.338  -14.284   -9.850   -8.547   -3.650   -1.179    3.587    5.699    5.772
            0.440000  0.000000  0.000000
  -16.269  -14.368   -9.799   -8.593   -3.563   -1.276    3.657    5.632    5.872
            0.445000  0.000000  0.000000
  -16.199  -14.452   -9.749   -8.640   -3.476   -1.373    3.729    5.550    5.964
            0.450000  0.000000  0.000000
  -16.128  -14.535   -9.698   -8.687   -3.389   -1.469    3.801    5.462    6.068
            0.455000  0.000000  0.000000
  -16.057  -14.618   -9.647   -8.735   -3.301   -1.565    3.874    5.374    6.165
            0.460000  0.000000  0.000000
  -15.985  -14.699   -9.596   -8.783   -3.213   -1.661    3.949    5.284    6.273
            0.465000  0.000000  0.000000
  -15.914  -14.780   -9.545   -8.831   -3.125   -1.755    4.024    5.195    6.381
            0.470000  0.000000  0.000000
  -15.842  -14.860   -9.494   -8.880   -3.037   -1.849    4.101    5.106    6.513
            0.475000  0.000000  0.000000
  -15.770  -14.938   -9.443   -8.929   -2.950   -1.941    4.178    5.018    6.573
            0.480000  0.000000  0.000000
  -15.700  -15.013   -9.393   -8.978   -2.864   -2.031    4.257    4.930    6.698
            0.485000  0.000000  0.000000
  -15.632  -15.086   -9.343   -9.027   -2.782   -2.116    4.337    4.844    6.786
            0.490000  0.000000  0.000000
  -15.570  -15.151   -9.295   -9.074   -2.706   -2.194    4.417    4.759    6.868
            0.495000  0.000000  0.000000
  -15.520  -15.202   -9.251   -9.118   -2.648   -2.254    4.495    4.677    6.934
            0.500000  0.000000  0.000000
  -15.500  -15.223   -9.227   -9.142   -2.623   -2.279    4.550    4.621    6.964
